
x = [938 937 937 938 938 939 940 936 936 938 938 940 936 937 936 937 936 936 937 938 939 938 939 937 937 939 939 934 937 937 937 942 938 938 938 938 940 938 939 937 938 938 936 937 937 935 937 936 938 937 936 937 937 937 937 938 936 936 937 938 937 937 936 937 939 937 938 936 937 937 939 938 942 939 938 938 939 937 938 941 938 937 938 938 938 937 936 938 938 937 936 936 938 935 939 937 935 936 937 936 936 936 935 936 936 935 937 935 937 935 936 935 938 934 936 933 936 936 936 935 937 935 935 935 935 932 934 936 935 936 934 936 936 935 935 933 935 936 935 936 934 935 935 936 935 936 937 933 937 936 937 935 935 937 936 937 938 937 937 935 937 936 936 936 936 937 937 935 936 938 935 931 937 937 935 936 936 936 937 936 937 936 936 937 935 937 937 937 937 935 939 935 936 937 936 934 937 937 935 936 937 936 937 935 938 935 937 936 937 937 936 936 936 936 937 936 934 937 938 935 934 936 936 937 936 937 937 935 936 937 936 933 937 933 936 941 936 937 934 936 936 937 936 936 936 937 937 936 938 938 935 937 935 935 935 936 936 938 935 937 936 936 937 936 935 936 936 936 936 936 935 936 936 935 935 935 936 934 936 938 935 939 934 934 935 934 935 935 936 935 936 934 934 933 935 937 936 934 934 935 935 933 933 933 934 936 934 933 935 935 939 934 933 935 935 941 935 935 935 937 934 935 935 936 937 936 934 936 935 936 935 934 936 935 936 935 935 936 936 936 934 935 936 936 937 935 937 937 937 936 936 937 937 937 937 938 938 938 938 938 938 938 939 932 936 939 939 937 937 938 939 939 939 937 938 940 939 938 939 939 939 939 936 940 939 940 939 938 938 939 939 939 940 939 937 938 939 939 939 940 940 939 939 940 938 939 937 939 939 941 940 935 940 940 939 939 939 938 940 939 938 939 939 939 939 939 937 940 939 939 940 939 940 938 939 939 939 938 939 939 938 939 940 940 940 939 938 940 939 940 939 940 939 939 940 940 941 939 939 938 940 939 939 939 938 940 939 938 939 938 938 936 939 939 937 938 936 939 938 937 937 936 938 937 938 936 938 938 942 939 936 938 937 939 938 934 938 938 937 938 938 937 942 938 938 937 937 937 937 937 939 938 938 937 938 939 938 937 937 938 938 939 939 937 945 939 939 938 939 938 939 937 939 938 939 939 938 938 939 938 938 939 937 939 938 938 938 940 940 940 940 937 939 939 939 939 939 936 939 939 938 939 939 940 935 938 938 940 939 939 937 939 941 939 939 939 939 939 938 938 938 937 940 940 937 939 938 940 939 939 939 939 940 939 939 938 942 938 939 937 938 939 939 939 938 938 939 940 937 938 940 940 940 940 937 939 938 939 939 938 939 939 939 938 940 939 939 940 938 935 939 939 938 937 939 939 937 940 938 939 940 939 939 937 938 941 940 939 940 940 939 941 940 939 937 940 940 940 940 940 940 941 940 939 940 940 941 940 940 940 942 940 939 939 942 941 939 940 940 940 940 939 939 936 939 940 939 939 938 939 941 937 941 938 939 939 938 937 937 939 938 937 938 938 937 938 938 937 937 937 937 932 937 939 938 937 938 936 943 938 937 938 938 936 937 933 938 938 936 937 937 935 939 938 936 937 938 936 936 936 940 937 937 937 937 937 937 938 937 935 936 937 931 937 935 937 936 937 937 936 938 936 938 938 938 937 939 938 939 938 938 939 938 935 939 937 940 938 939 940 937 942 939 939 939 940 939 939 939 939 938 939 938 941 938 939 938 938 938 939 939 937 938 938 938 937 936 937 937 938 935 935 937 937 937 936 936 937 938 937 936 938 934 938 934 936 937 937 937 936 937 935 938 937 938 937 939 938 936 935 936 939 939 930 939 938 938 939 940 938 935 938 939 940 940 939 938 938 939 939 940 939 938 939 940 938 939 946 939 939 939 941 941 940 939 941 940 937 939 940 940 940 937 939 940 940 939 938 937 937 938 939 941 937 934 937 941 938 938 939 940 938 937 938 938 937 936 937 941 938 938 938 937 936 940 938 939 936 937 939 937 937 937 937 938 932 938 937 938 939 936 938 937 938 939 938 938 939 939 939 937 940 938 938 940 938 938 940 939 938 939 938 940 939 940 940 941 939 940 939 938 940 939 945 939 938 940 939 940 938 939 939 939 942 939 933 939 939 932 939 938 939 939 938 938 939 939 938 938 938 939 938 939 938 939 940 938 936 939 938 938 940 938 938 938 938 939 940 938 939 939 937 939 938 939 939 939 939 939 939 938 938 938 940 938 937 941 938 939 940 939 939 938 939 938 938 939 939 939 939 940 939 940 941 939 939 939 939 939 939 940 939 940 940 940 941 939 939 939 940 940 939 940 939 941 940 937 939 939 939 937 939 939 938 939 940 936 938 939 940 938 936 937 938 938 937 939 938 939 939 937 937 938 939 937 937 939 938 939 938 937 939 938 936 939 939 937 939 938 938 934 939 939 939 939 947 940 940 939 939 938 939 940 938 940 940 940 939 939 939 940 939 939 938 942 939 939 939 940 940 939 937 938 939 939 940 940 939 941 940 939 939 940 940 939 940 937 939 940 940 938 940 939 938 939 938 937 938 938 939 939 938 938 939 938 939 939 938 939 939 940 937 940 940 940 940 939 941 940 940 939 940 941 941 942 940 940 941 941 940 941 939 941 941 944 940 941 940 941 941 940 939 941 940 941 938 938 941 940 940 940 940 940 942 940 940 941 940 940 940 939 940 940 939 939 939 939 941 938 940 937 939 940 938 941 939 941 939 940 939 940 940 940 940 940 940 945 939 939 938 941 941 940 940 932 940 941 940 939 941 940 940 941 938 941 940 940 939 938 940 940 941 939 941 940 940 940 938 941 939 945 939 939 940 939 941 940 940 938 940 941 940 939 940 941 940 940 939 939 941 939 939 939 940 940 938 940 940 940 938 939 944 939 941 940 940 940 940 941 941 941 941 941 938 941 939 939 941 940 940 939 939 941 940 940 940 942 941 941 941 940 941 941 941 941 941 941 941 941 939 941 942 942 941 940 941 941 941 940 942 941 942 946 941 942 941 939 940 941 939 941 941 941 941 940 940 944 942 940 940 941 941 940 942 941 942 941 941 941 939 943 945 940 941 940 941 941 940 940 940 941 940 940 940 940 941 940 940 940 941 941 940 941 941 941 941 940 940 942 940 940 939 937 942 942 941 940 940 941 941 940 938 944 940 940 938 936 941 940 936 940 940 939 941 939 939 940 940 939 940 939 942 939 936 939 938 938 940 937 939 940 939 939 939 940 939 939 938 939 939 940 939 938 939 938 939 939 944 937 939 938 939 938 939 939 938 939 938 939 938 937 939 938 938 938 939 936 939 938 933 939 938 938 939 939 939 940 939 938 938 940 939 940 937 938 939 939 938 937 940 939 940 939 939 939 941 939 939 940 939 939 940 940 939 940 938 939 935 940 941 939 939 934 940 940 938 937 940 938 939 939 938 941 939 940 939 940 939 940 940 940 944 939 940 938 939 940 938 938 940 939 941 938 940 939 940 936 940 940 939 940 940 941 942 940 940 940 941 936 940 940 941 936 939 940 940 941 940 939 941 939 940 939 940 942 940 941 939 940 941 942 939 940 940 941 941 941 939 938 940 941 941 940 939 938 939 942 938 941 940 940 939 939 941 941 942 938 940 939 940 941 940 938 940 940 940 939 939 938 940 937 938 940 939 941 940 941 942 940 940 942 940 940 940 939 940 939 940 941 941 939 939 939 940 939 939 938 938 939 938 939 938 938 939 937 938 936 938 944 940 936 939 939 937 939 936 937 939 937 938 939 938 938 938 937 938 938 938 939 938 937 938 939 939 938 937 940 937 939 938 932 939 941 937 938 938 939 940 938 939 941 938 939 939 933 939 940 938 939 936 939 942 938 939 939 939 939 938 940 940 939 940 939 939 940 940 937 940 940 940 942 938 939 940 940 940 940 939 940 940 940 939 940 941 940 939 941 940 940 940 940 941 938 941 940 940 940 940 942 933 941 938 940 941 940 941 939 940 939 940 939 939 939 940 938 938 939 941 939 939 939 938 939 940 939 940 940 939 940 940 939 938 939 940 938 941 940 940 937 939 944 940 938 939 939 936 940 937 942 939 939 939 939 938 939 939 940 940 940 937 939 940 939 938 938 939 938 940 940 939 941 939 940 940 940 940 941 940 939 940 940 939 939 938 939 940 940 940 940 940 939 939 939 941 940 939 941 940 939 940 939 939 940 938 939 940 940 937 939 939 940 937 939 939 939 939 938 938 939 939 938 940 939 939 943 937 939 940 939 939 938 939 936 939 939 937 937 938 938 938 939 937 940 939 939 939 939 940 937 939 939 939 938 937 939 936 939 938 937 938 939 938 937 937 937 941 939 938 936 937 939 937 938 938 937 933 937 937 939 936 937 938 936 938 937 939 938 938 938 939 938 938 937 936 937 939 937 939 